{
 "cells": [
  {
   "cell_type": "code",
   "execution_count": 2,
   "metadata": {},
   "outputs": [],
   "source": [
    "# Import Library\n",
    "import pandas as pd\n",
    "import seaborn as sns\n",
    "from matplotlib import pyplot as plt"
   ]
  },
  {
   "cell_type": "code",
   "execution_count": 5,
   "metadata": {},
   "outputs": [
    {
     "data": {
      "text/html": [
       "<div>\n",
       "<style scoped>\n",
       "    .dataframe tbody tr th:only-of-type {\n",
       "        vertical-align: middle;\n",
       "    }\n",
       "\n",
       "    .dataframe tbody tr th {\n",
       "        vertical-align: top;\n",
       "    }\n",
       "\n",
       "    .dataframe thead th {\n",
       "        text-align: right;\n",
       "    }\n",
       "</style>\n",
       "<table border=\"1\" class=\"dataframe\">\n",
       "  <thead>\n",
       "    <tr style=\"text-align: right;\">\n",
       "      <th></th>\n",
       "      <th>pH</th>\n",
       "      <th>Temprature</th>\n",
       "      <th>Taste</th>\n",
       "      <th>Odor</th>\n",
       "      <th>Fat</th>\n",
       "      <th>Turbidity</th>\n",
       "      <th>Colour</th>\n",
       "    </tr>\n",
       "  </thead>\n",
       "  <tbody>\n",
       "    <tr>\n",
       "      <th>pH</th>\n",
       "      <td>1.000000</td>\n",
       "      <td>0.244684</td>\n",
       "      <td>-0.064053</td>\n",
       "      <td>-0.081331</td>\n",
       "      <td>-0.093429</td>\n",
       "      <td>0.048384</td>\n",
       "      <td>-0.164565</td>\n",
       "    </tr>\n",
       "    <tr>\n",
       "      <th>Temprature</th>\n",
       "      <td>0.244684</td>\n",
       "      <td>1.000000</td>\n",
       "      <td>-0.109792</td>\n",
       "      <td>-0.048870</td>\n",
       "      <td>0.024073</td>\n",
       "      <td>0.185106</td>\n",
       "      <td>-0.008511</td>\n",
       "    </tr>\n",
       "    <tr>\n",
       "      <th>Taste</th>\n",
       "      <td>-0.064053</td>\n",
       "      <td>-0.109792</td>\n",
       "      <td>1.000000</td>\n",
       "      <td>0.017582</td>\n",
       "      <td>0.324149</td>\n",
       "      <td>0.055755</td>\n",
       "      <td>-0.082654</td>\n",
       "    </tr>\n",
       "    <tr>\n",
       "      <th>Odor</th>\n",
       "      <td>-0.081331</td>\n",
       "      <td>-0.048870</td>\n",
       "      <td>0.017582</td>\n",
       "      <td>1.000000</td>\n",
       "      <td>0.314505</td>\n",
       "      <td>0.457935</td>\n",
       "      <td>-0.039361</td>\n",
       "    </tr>\n",
       "    <tr>\n",
       "      <th>Fat</th>\n",
       "      <td>-0.093429</td>\n",
       "      <td>0.024073</td>\n",
       "      <td>0.324149</td>\n",
       "      <td>0.314505</td>\n",
       "      <td>1.000000</td>\n",
       "      <td>0.329264</td>\n",
       "      <td>0.114151</td>\n",
       "    </tr>\n",
       "    <tr>\n",
       "      <th>Turbidity</th>\n",
       "      <td>0.048384</td>\n",
       "      <td>0.185106</td>\n",
       "      <td>0.055755</td>\n",
       "      <td>0.457935</td>\n",
       "      <td>0.329264</td>\n",
       "      <td>1.000000</td>\n",
       "      <td>0.136436</td>\n",
       "    </tr>\n",
       "    <tr>\n",
       "      <th>Colour</th>\n",
       "      <td>-0.164565</td>\n",
       "      <td>-0.008511</td>\n",
       "      <td>-0.082654</td>\n",
       "      <td>-0.039361</td>\n",
       "      <td>0.114151</td>\n",
       "      <td>0.136436</td>\n",
       "      <td>1.000000</td>\n",
       "    </tr>\n",
       "  </tbody>\n",
       "</table>\n",
       "</div>"
      ],
      "text/plain": [
       "                  pH  Temprature     Taste      Odor       Fat  Turbidity  \\\n",
       "pH          1.000000    0.244684 -0.064053 -0.081331 -0.093429   0.048384   \n",
       "Temprature  0.244684    1.000000 -0.109792 -0.048870  0.024073   0.185106   \n",
       "Taste      -0.064053   -0.109792  1.000000  0.017582  0.324149   0.055755   \n",
       "Odor       -0.081331   -0.048870  0.017582  1.000000  0.314505   0.457935   \n",
       "Fat        -0.093429    0.024073  0.324149  0.314505  1.000000   0.329264   \n",
       "Turbidity   0.048384    0.185106  0.055755  0.457935  0.329264   1.000000   \n",
       "Colour     -0.164565   -0.008511 -0.082654 -0.039361  0.114151   0.136436   \n",
       "\n",
       "              Colour  \n",
       "pH         -0.164565  \n",
       "Temprature -0.008511  \n",
       "Taste      -0.082654  \n",
       "Odor       -0.039361  \n",
       "Fat         0.114151  \n",
       "Turbidity   0.136436  \n",
       "Colour      1.000000  "
      ]
     },
     "execution_count": 5,
     "metadata": {},
     "output_type": "execute_result"
    }
   ],
   "source": [
    "# Membaca Dataset\n",
    "data = pd.read_csv('milknew.csv')\n",
    "data.corr(numeric_only=True)"
   ]
  },
  {
   "cell_type": "code",
   "execution_count": 5,
   "metadata": {},
   "outputs": [],
   "source": [
    "# Membuat korelasi \n",
    "corelation = data.corr(numeric_only=True).stack().reset_index()\n",
    "corelation.columns = ['Fitur1', 'Fitur2', 'Korelasi']\n",
    "corelation.to_csv(\"korelasi.csv\", index=False)"
   ]
  },
  {
   "cell_type": "code",
   "execution_count": 6,
   "metadata": {},
   "outputs": [],
   "source": [
    "# Membuat data untuk barplot\n",
    "list = [\"Taste\", \"Odor\", \"Fat\", \"Turbidity\"]\n",
    "grade = [\"high\", \"medium\", \"low\"]\n",
    "col = [\"Grade\", \"False\", \"True\"]\n",
    "\n",
    "for x in list:\n",
    "    dataToDf = []\n",
    "    for y in grade:\n",
    "        count = data[data[\"Grade\"] == y][x].value_counts()\n",
    "        dataToDf.append([y,count[0], count[1]])\n",
    "    df = pd.DataFrame(dataToDf, columns=col)\n",
    "    df.to_csv(x+\".csv\",index=False)\n"
   ]
  }
 ],
 "metadata": {
  "kernelspec": {
   "display_name": "Python 3 (ipykernel)",
   "language": "python",
   "name": "python3"
  },
  "language_info": {
   "codemirror_mode": {
    "name": "ipython",
    "version": 3
   },
   "file_extension": ".py",
   "mimetype": "text/x-python",
   "name": "python",
   "nbconvert_exporter": "python",
   "pygments_lexer": "ipython3",
   "version": "3.10.10"
  }
 },
 "nbformat": 4,
 "nbformat_minor": 2
}
